BiBoard + 塑料舵机：
const int8_t bfBP[] PROGMEM =
{
  -6,   0,   0,   2,
   0,   0,   0,
 -35,   0,   0,   0,   0,   0,   0,   0,  27,  27,  27,  27,  -9,  -9,  -9,  -9,   8,   2,   0,   0,
 -35,   0,   0,   0,   0,   0,   0,   0,   5,   5, -23, -23,  50,  50,  22,  22,  32,   0,   0,   0,
 -35,   0,   0,   0,   0,   0,   0,   0,  -6,  -6,  30,  30, -18, -18,  67,  67,   0,   0,  -1, 110,
 -35,   0,   0,   0,   0,   0,   0,   0,  30,  30,  57,  57, -18, -18, -30, -30,  48,   0,   0,   0,
  18,   0,   0,   0,   0,   0,   0,   0,  33,  33,  57,  57, -22, -22, -30, -30,  48,   6,   0,   0,
   0,   0,   0,   0,   0,   0,   0,   0,  15,  15,  15,  15,  15,  15,  15,  15,   8,   2,   0,   0,
};

const int8_t ffBP[] PROGMEM = 
 {
  -6,   0,   0,   1,
   0,   5,   0,
-106,   0,   0,   0,   0,   0,   0,   0,  22,  22,  30,  30,  86,  86,  30,  30,  16,   0,   0,   0,
-120,   0,   0,   0,   0,   0,   0,   0,  45,  45,   5,   5,  96,  96,  66,  66,  32,   0,   0,   0,
-100,   0,   0,   0,   0,   0,   0,   0, -56, -56,  79,  79,  40,  40, -56, -56,  64,   0,   1,  90,
 -50,   0,   0,   0,   0,   0,   0,   0,  40,  40, -23, -23,   9,   9,  65,  65,  48,   0,   0,   0,
   0, -80, -45,   0,  -3,  -3,   3,   3,  58,  58,  58,  58, -39, -39, -39, -39,  32,   2,   0,   0,
   0, -80, -45,   0,  -3,  -3,   3,   3,  30,  30,  30,  30,  30,  30,  30,  30,  16,   0,   0,   0,
};


NyBoard + 塑料舵机：
const int8_t bfNP[] PROGMEM = {
-5, 0, 0, 1,
 0, 0, 0, 
    0,   0,   0,   0,   0,   0,   0,   0,  54,  54,  54,  54, -18, -18, -18, -18,	 8, 2, 0, 0,
   80,   0,   0,   0,   0,   0,   0,   0,  10,  10, -44, -44, 100, 100,  50,  50,	48, 0, 0, 0,
   80,   0,   0,   0,   0,   0,   0,   0, -16, -16,  52,  52, -56, -56, 125, 125,	 0, 1, 0, 0,
   80,   0,   0,   0,   0,   0,   0,   0,  54,  54,  82,  82, -44, -44, -50, -50,	48, 4, 0, 0,
    0,   0,   0,   0,   0,   0,   0,   0,  30,  30,  30,  30,  30,  30,  30,  30,	 8, 2, 0, 0,
};

const int8_t ffNPOld[] PROGMEM = {
-6, 0, 0, 1,
 0, 0, 0,
  -80,   0,   0,   0,   0,   0,   0,   0,  22,  22,  30,  30,  86,  86,  30,  30,	 8, 0, 0, 0,
  -80,   0,   0,   0,   0,   0,   0,   0,  48,  48,  30,  30, 102, 102,  30,  30,	 8, 0, 0, 0,
  -80,   0,   0,   0,   0,   0,   0,   0, -20, -20,  40,  40,  42,  42, -12, -12,	48, 0, 0, 0,
  -80,   0,   0,   0,   0,   0,   0,   0,  12,  12, -22, -22,  -3,  -3,  31,  31,	48, 0, 0, 0,
   10, -80, -45,   0,  -3,  -3,   3,   3,  70,  70,  70,  70, -55, -55, -55, -55,	32, 0, 0, 0,
    0, -80, -45,   0,  -3,  -3,   3,   3,  30,  30,  30,  30,  30,  30,  30,  30,	 8, 0, 0, 0,
};
const int8_t ffNP[] PROGMEM = 
{
  -6,   0,   0,   1,
   0,   0,   0,
 -80,   0,   0,   0,   0,   0,   0,   0,  22,  22,  30,  30,  86,  86,  30,  30,   8,   0,   0,   0,
 -80,   0,   0,   0,   0,   0,   0,   0,  48,  48,  30,  30, 102, 102,  30,  30,   8,   0,   0,   0,
 -80,   0,   0,   0,   0,   0,   0,   0, -20, -20,  40,  40,  42,  42, -12, -12,  48,   0,   0,   0,
 -80,   0,   0,   0,   0,   0,   0,   0,  12,  12, -40, -40,  -2,  -2,  72,  72,  48,   0,   0,   0,
  10, -80, -45,   0,  -3,  -3,   3,   3,  60,  60,  60,  60, -50, -50, -50, -50,  32,   0,   0,   0,
   0, -80, -45,   0,  -3,  -3,   3,   3,  30,  30,  30,  30,  30,  30,  30,  30,   8,   0,   0,   0,
};

NyBoard + 金属舵机：
const int8_t bfNM[] PROGMEM = {
  -5,   0,   0,   1,
   0,   0,   0,
 -69,   0,   0,   0,   0,   0,   0,   0,  54,  54,  54,  54, -18, -18, -18, -18,   8,   2,   0,   0,
 -69,   0,   0,   0,   0,   0,   0,   0,  10,  10, -44, -44, 100, 100,  50,  50,  48,   0,   0,   0,
 -69,   0,   0,   0,   0,   0,   0,   0, -16, -16,  52,  52, -56, -56, 125, 125,   0,   1,   0,   0,
 -69,   0,   0,   0,   0,   0,   0,   0,  54,  54,  82,  82, -44, -44, -50, -50,  48,   4,   0,   0,
   0,   0,   0,   0,   0,   0,   0,   0,  30,  30,  30,  30,  30,  30,  30,  30,   8,   2,   0,   0,
};
const int8_t ffNM[] PROGMEM = {
  -6,   0,   0,   1,
   0,   5,   0,
-106,   0,   0,   0,   0,   0,   0,   0,  22,  22,  30,  30,  86,  86,  30,  30,   8,   0,   0,   0,
-120,   0,   0,   0,   0,   0,   0,   0,  48,  48,  30,  30, 102, 102,  30,  30,   4,   0,   0,   0,
-120,   0,   0,   0,   0,   0,   0,   0, -20, -20,  40,  40,  42,  42, -12, -12,  54,   0,   0,   0,
-120,   0,   0,   0,   0,   0,   0,   0,  12,  12, -38, -38,  -3,  -3,  31,  31,  48,   0,   0,   0,
 -90, -80, -45,   0,  -3,  -3,   3,   3,  70,  70,  70,  70, -55, -55, -55, -55,  32,   0,   0,   0,
   0, -80, -45,   0,  -3,  -3,   3,   3,  30,  30,  30,  30,  30,  30,  30,  30,   8,   0,   0,   0,
};
